50,3
50,2
50,1
50,0
49,3
49,2
49,1
49,0
48,3
48,2
48,1
48,0
0,447
0,446
0,445
0,444
0,443
0,442
0,441
0,440
0,439
0,438
0,437
0,436
0,435
0,434
0,433
0,432
0,431
0,430
47,3
47,2
0,429
47,1
47,0
0,428
0,427
0,426
46,3
46,2
0,425
46,1
46,0
0,424
0,423
45,3
45,2
0,422
45,1
45,0
0,421
0,420
0,419
44,3
44,2
0,418
44,1
44,0
0,417
0,416
0,415
43,3
43,2
0,414
43,1
43,0
0,413
0,412
42,3
42,2
0,411
42,1
42,0
0,410
0,409
0,408
0,407
0,406
0,405
0,404
0,403
0,402
0,401
0,400
0,399
0,398
0,397
0,396
0,395
0,394
41,3
41,2
41,1
41,0
40,3
40,2
40,1
40,0
39,3
39,2
39,1
39,0
38,3
38,2
38,1
38,0
